1000 0.879285 0.117735 0.00298063
1000 0.87358 0.117898 0.00852273
1000 0.868228 0.111274 0.0204978
1000 0.850725 0.13913 0.0101449
1000 0.874453 0.118248 0.00729927
1000 0.886957 0.104348 0.00869565
1000 0.871681 0.113569 0.0147493
1000 0.879888 0.108939 0.0111732
1000 0.903704 0.0918519 0.00444444
1000 0.874471 0.114245 0.0112835
1000 0.88024 0.115269 0.00449102
1000 0.883408 0.110613 0.00597907
1000 0.861862 0.130631 0.00750751
1000 0.881406 0.115666 0.00292826
1000 0.862426 0.128698 0.00887574
1000 0.89911 0.0949555 0.00593472
1000 0.873887 0.124629 0.00148368
1000 0.881306 0.114243 0.00445104
1000 0.879822 0.114243 0.00593472
1000 0.857988 0.127219 0.0147929
1000 0.878613 0.114162 0.00722543
1000 0.879185 0.116448 0.00436681
1000 0.874459 0.121212 0.004329
1000 0.878195 0.112782 0.00902256
1000 0.890647 0.103597 0.0057554
1000 0.90176 0.0938416 0.00439883
1000 0.852601 0.137283 0.0101156
1000 0.891729 0.106767 0.00150376
1000 0.863897 0.127507 0.00859599
1000 0.884393 0.106936 0.00867052
2000 0.751471 0.211765 0.0367647
2000 0.791489 0.170922 0.0375887
2000 0.765759 0.196991 0.0372493
2000 0.756151 0.20767 0.0361795
2000 0.783176 0.186367 0.0304569
2000 0.746449 0.211648 0.0419034
2000 0.769568 0.197513 0.0329188
2000 0.795888 0.17768 0.0264317
2000 0.762925 0.207533 0.0295421
2000 0.770468 0.192982 0.0365497
2000 0.773324 0.193878 0.0327988
2000 0.762391 0.212099 0.0255102
2000 0.768222 0.19898 0.0327988
2000 0.800738 0.161624 0.0376384
2000 0.773983 0.198401 0.0276163
2000 0.813411 0.16035 0.0262391
2000 0.787419 0.182936 0.0296457
2000 0.779636 0.196364 0.024
2000 0.780259 0.192363 0.0273775
2000 0.78816 0.181883 0.0299572
2000 0.760997 0.201613 0.03739
2000 0.790936 0.185673 0.0233918
2000 0.775436 0.186773 0.0377907
2000 0.761561 0.205202 0.033237
2000 0.768398 0.199856 0.031746
2000 0.791916 0.185629 0.0224551
2000 0.788937 0.184862 0.0262009
2000 0.785401 0.186131 0.0284672
2000 0.768837 0.20117 0.0299927
2000 0.753655 0.209064 0.0372807
3000 0.727228 0.215475 0.0572968
3000 0.711069 0.217058 0.0718735
3000 0.705328 0.235266 0.0594059
3000 0.71678 0.221145 0.0620757
3000 0.683357 0.244784 0.0718591
3000 0.697029 0.235753 0.0672187
3000 0.690058 0.241715 0.0682261
3000 0.694645 0.237337 0.0680174
3000 0.684793 0.249278 0.0659288
3000 0.719631 0.220117 0.0602527
3000 0.713327 0.222915 0.0637584
3000 0.695446 0.238615 0.0659393
3000 0.707317 0.221903 0.0707795
3000 0.694777 0.229995 0.0752276
3000 0.715485 0.21875 0.0657649
3000 0.707887 0.229796 0.0623174
3000 0.646695 0.272943 0.0803614
3000 0.706731 0.225 0.0682692
3000 0.684061 0.246679 0.06926
3000 0.716316 0.22342 0.0602646
3000 0.6909 0.245546 0.0635532
3000 0.68756 0.246866 0.0655738
3000 0.687796 0.241249 0.0709555
3000 0.713749 0.222431 0.0638198
3000 0.684262 0.250733 0.0650049
3000 0.677843 0.249271 0.0728863
3000 0.715724 0.227709 0.0565676
3000 0.698965 0.220132 0.0809031
3000 0.690979 0.238004 0.0710173
3000 0.6792 0.251785 0.0690148
4000 0.644238 0.250895 0.104868
4000 0.630927 0.266454 0.102619
4000 0.641262 0.265509 0.0932294
4000 0.611051 0.268748 0.120201
4000 0.635653 0.26598 0.0983665
4000 0.61571 0.274745 0.109546
4000 0.642139 0.261665 0.0961953
4000 0.622467 0.276218 0.101315
4000 0.634949 0.257517 0.107534
4000 0.612274 0.271018 0.116708
4000 0.636299 0.262318 0.101382
4000 0.624956 0.267281 0.107763
4000 0.65248 0.251143 0.0963771
4000 0.631354 0.266975 0.101671
4000 0.64117 0.250264 0.108565
4000 0.622103 0.273797 0.1041
4000 0.625134 0.257765 0.117101
4000 0.645365 0.25316 0.101475
4000 0.619491 0.265496 0.115013
4000 0.616566 0.271332 0.112103
4000 0.640962 0.256456 0.102582
4000 0.630748 0.258687 0.110565
4000 0.624014 0.256989 0.118996
4000 0.62815 0.260259 0.111591
4000 0.610973 0.273602 0.115426
4000 0.624071 0.270442 0.105487
4000 0.636202 0.259957 0.103841
4000 0.634731 0.252554 0.112716
4000 0.63646 0.252035 0.111504
4000 0.631672 0.26193 0.106398
5000 0.5746 0.271144 0.154257
5000 0.566404 0.272088 0.161508
5000 0.593363 0.258718 0.147919
5000 0.574703 0.273129 0.152168
5000 0.565193 0.276341 0.158465
5000 0.562589 0.279024 0.158388
5000 0.547646 0.288397 0.163957
5000 0.568638 0.272077 0.159285
5000 0.554878 0.279933 0.165188
5000 0.575339 0.26569 0.158972
5000 0.577702 0.271172 0.151126
5000 0.57831 0.269577 0.152113
5000 0.562871 0.283979 0.153151
5000 0.57593 0.276753 0.147318
5000 0.572313 0.268149 0.159539
5000 0.559051 0.275662 0.165287
5000 0.5807 0.271278 0.148022
5000 0.562746 0.27462 0.162634
5000 0.550443 0.279933 0.169623
5000 0.560397 0.28406 0.155543
5000 0.570399 0.271896 0.157705
5000 0.562095 0.279921 0.157984
5000 0.574674 0.27376 0.151566
5000 0.569967 0.274613 0.15542
5000 0.579201 0.270332 0.150468
5000 0.58488 0.266962 0.148158
5000 0.57264 0.275014 0.152346
5000 0.555098 0.272602 0.1723
5000 0.57308 0.272502 0.154418
5000 0.56177 0.279911 0.158319
6000 0.515257 0.280398 0.204346
6000 0.519248 0.279102 0.20165
6000 0.525832 0.276923 0.197245
6000 0.529758 0.263634 0.206608
6000 0.517314 0.276784 0.205903
6000 0.539274 0.262517 0.198209
6000 0.519899 0.272415 0.207685
6000 0.517647 0.2812 0.201153
6000 0.505359 0.277765 0.216876
6000 0.511111 0.272054 0.216835
6000 0.51285 0.276325 0.210826
6000 0.522047 0.282157 0.195796
6000 0.521442 0.269845 0.208714
6000 0.520962 0.277434 0.201604
6000 0.524025 0.280598 0.195376
6000 0.508375 0.288818 0.202807
6000 0.521946 0.275113 0.202941
6000 0.512339 0.270546 0.217116
6000 0.528807 0.277778 0.193416
6000 0.532192 0.265982 0.201826
6000 0.527918 0.273227 0.198856
6000 0.497258 0.284278 0.218464
6000 0.502418 0.295188 0.202395
6000 0.523723 0.276096 0.200181
6000 0.497364 0.278249 0.224387
6000 0.527215 0.274197 0.198588
6000 0.516544 0.284697 0.198759
6000 0.518851 0.271034 0.210115
6000 0.527841 0.267686 0.204473
6000 0.527181 0.269758 0.203061
7000 0.472731 0.279386 0.247883
7000 0.474716 0.274947 0.250336
7000 0.457243 0.28311 0.259647
7000 0.471964 0.274282 0.253754
7000 0.46114 0.279985 0.258875
7000 0.473613 0.281848 0.244539
7000 0.486776 0.271295 0.241929
7000 0.489879 0.271896 0.238225
7000 0.475997 0.279326 0.244677
7000 0.481396 0.267785 0.250819
7000 0.478849 0.272165 0.248986
7000 0.478936 0.276645 0.244419
7000 0.488282 0.27271 0.239008
7000 0.483656 0.27246 0.243883
7000 0.484633 0.267 0.248367
7000 0.462698 0.283534 0.253768
7000 0.479495 0.276579 0.243926
7000 0.486043 0.266836 0.247121
7000 0.487678 0.269349 0.242973
7000 0.473247 0.274097 0.252656
7000 0.484009 0.272533 0.243458
7000 0.468057 0.27391 0.258034
7000 0.461806 0.282215 0.25598
7000 0.478623 0.270072 0.251306
7000 0.468935 0.276811 0.254253
7000 0.48394 0.276815 0.239245
7000 0.471194 0.276421 0.252385
7000 0.472014 0.274861 0.253126
7000 0.458821 0.285467 0.255711
7000 0.467286 0.274874 0.25784
8000 0.442785 0.266946 0.290268
8000 0.432544 0.265519 0.301937
8000 0.432015 0.269116 0.29887
8000 0.426579 0.268745 0.304676
8000 0.462972 0.251623 0.285405
8000 0.441397 0.266833 0.291771
8000 0.427792 0.281395 0.290813
8000 0.444987 0.269011 0.286003
8000 0.4265 0.269281 0.304219
8000 0.42727 0.278661 0.294069
8000 0.426662 0.275476 0.297862
8000 0.427793 0.267371 0.304836
8000 0.439736 0.272383 0.287881
8000 0.430445 0.270916 0.298639
8000 0.434202 0.264347 0.301451
8000 0.42745 0.270496 0.302054
8000 0.437062 0.264441 0.298497
8000 0.43886 0.27492 0.28622
8000 0.434106 0.269702 0.296192
8000 0.437458 0.268038 0.294504
8000 0.442907 0.270545 0.286548
8000 0.441561 0.269424 0.289015
8000 0.421288 0.276941 0.301771
8000 0.430975 0.274946 0.294079
8000 0.442538 0.270653 0.286809
8000 0.426805 0.267227 0.305968
8000 0.430106 0.272472 0.297422
8000 0.445549 0.268026 0.286425
8000 0.443053 0.264195 0.292752
8000 0.439402 0.264918 0.29568
9000 0.41738 0.253762 0.328858
9000 0.413271 0.25713 0.329598
9000 0.398507 0.269574 0.331919
9000 0.394 0.25793 0.348069
9000 0.393725 0.260411 0.345865
9000 0.407602 0.260958 0.33144
9000 0.418339 0.262892 0.31877
9000 0.387838 0.263325 0.348837
9000 0.396365 0.262224 0.341411
9000 0.411199 0.262467 0.326334
9000 0.396524 0.267562 0.335914
9000 0.400233 0.26159 0.338178
9000 0.403843 0.263357 0.3328
9000 0.403447 0.258545 0.338008
9000 0.404745 0.25775 0.337505
9000 0.391601 0.260825 0.347573
9000 0.389558 0.26483 0.345613
9000 0.39887 0.263692 0.337438
9000 0.408627 0.260857 0.330516
9000 0.395225 0.266935 0.33784
9000 0.406745 0.263556 0.329699
9000 0.399041 0.262538 0.338421
9000 0.406587 0.259545 0.333868
9000 0.406812 0.262535 0.330653
9000 0.403315 0.261122 0.335563
9000 0.413221 0.261503 0.325277
9000 0.405706 0.263643 0.330651
9000 0.400581 0.261728 0.337691
9000 0.408761 0.263431 0.327808
9000 0.400965 0.260634 0.338401
10000 0.375374 0.255103 0.369523
10000 0.393169 0.244297 0.362534
10000 0.360668 0.259897 0.379434
10000 0.375809 0.253561 0.370629
10000 0.388445 0.245422 0.366134
10000 0.378735 0.250032 0.371233
10000 0.366453 0.255826 0.377721
10000 0.374151 0.251313 0.374536
10000 0.374741 0.257635 0.367624
10000 0.375842 0.250259 0.3739
10000 0.375421 0.252137 0.372442
10000 0.372592 0.254555 0.372853
10000 0.378449 0.256833 0.364718
10000 0.380566 0.25406 0.365375
10000 0.367615 0.254642 0.377743
10000 0.363309 0.252927 0.383764
10000 0.371894 0.253494 0.374612
10000 0.369535 0.253879 0.376587
10000 0.371707 0.258166 0.370126
10000 0.380519 0.249091 0.37039
10000 0.373022 0.254086 0.372892
10000 0.384006 0.247955 0.368038
10000 0.360819 0.2621 0.377081
10000 0.371281 0.252157 0.376561
10000 0.378484 0.255796 0.36572
10000 0.373094 0.254837 0.372069
10000 0.385662 0.251701 0.362637
10000 0.370027 0.262945 0.367028
10000 0.374182 0.255302 0.370516
10000 0.376767 0.251092 0.372141
